00000000 
00000000 
00000000 
00000000 

00001101 
11111111 
00000001 
00100011 01001101 01000001 01001001 01001110 00000000 00000000 00000000 00000000 00000000 
10101011 

00000000 
00000000 
00000000 
00000000 

00001110 
11111101 
01001101 01000101 01000100 01001001 01000001 00000000 00000000 00000000 00000000 00000000 
00000000 00000000 
10010101 

00000000 
00000000 
00000000 
00000000 

00001110 
11111101 
01010010 01000101 01000011 00000000 00000000 00000000 00000000 00000000 00000000 00000000 
00000000 00000001 
00011010 

00000000 
00000000 
00000000 
00000000 

00001110 
11111101 
01010000 01000101 01010011 01001111 01011111 01010000 00110001 00000000 00000000 00000000 
00000000 00000010 
11011100 

00000000 
00000000 
00000000 
00000000 

00001110 
11111101 
01010000 01000101 01010011 01001111 01011111 01010000 00110010 00000000 00000000 00000000 
00000000 00000011 
11011010 

00000000 
00000000 
00000000 
00000000 

00001110 
11111101 
01000100 01001001 01010110 01010011 00000000 00000000 00000000 00000000 00000000 00000000 
00000000 00000100 
10111011 

00000000 
00000000 
00000000 
00000000 

00111100 
11111100 
00000000 01100100 
00000001 01110000 10000001 
00000001 10010000 00000010 
00000001 10000000 10000001 
00000001 01110000 10000011 
00000001 10010000 00000011 
00000001 00110000 10000001 
00000001 10000000 10000001 
00000001 10010000 00000100 
00000001 10000000 10000011 
00000001 01110000 10000001 
00000001 01100000 10000011 
00000001 10000000 10000101 
00000001 10010000 00000001 
00000001 10000000 10000111 
00000000 11010000 00000000 
00000001 00000000 00110010 
00000001 00000000 00101010 
00000001 00000000 11101011 
00000001 00000000 11101101 
01100100 

00000000 
00000000 
00000000 
00000000 

00000100 
11111011 
00000000 01100100 
10100101 

00000000 
00000000 
00000000 
00000000 