00000000 
00000000 
00000000 
00000000 

00001101 
11111111 
00000001 
00100011 01010000 01000101 01010011 01001111 01010011 00000000 00000000 00000000 00000000 
01000110 

00000000 
00000000 
00000000 
00000000 

00001110 
11111110 
01010000 01000101 01010011 01001111 01011111 01010000 00110001 00000000 00000000 00000000 
00000000 11001000 
00010101 

00000000 
00000000 
00000000 
00000000 

00001110 
11111110 
01010000 01000101 01010011 01001111 01011111 01010000 00110010 00000000 00000000 00000000 
00000000 11001011 
00010001 

00000000 
00000000 
00000000 
00000000 

00001110 
11111110 
01000100 01001001 01010110 01010011 00000000 00000000 00000000 00000000 00000000 00000000 
00000000 11001110 
11110000 

00000000 
00000000 
00000000 
00000000 

00011110 
11111100 
11001000 
00000001 01010000 11010011 
00000000 11000000 00000000 
00000001 01010000 11010101 
00000000 11000000 00000000 
00000001 01110000 11010011 
00000001 00110000 11010101 
00000000 11010000 00000000 
00000001 00000000 00000010 
00000001 00000000 00000011 
00011110 

00000000 
00000000 
00000000 
00000000 

00000100 
11111011 
11001000 
01000001 

00000000 
00000000 
00000000 
00000000 
 