00000000 
00000000 
00000000 
00000000 

00001101 
11111111 
00000001 
00100011 01010010 01000101 01000011 00000000 00000000 00000000 00000000 00000000 00000000 
11110110 

00000000 
00000000 
00000000 
00000000 

00001110 
11111110 
01010010 01000101 01000011 00000000 00000000 00000000 00000000 00000000 00000000 00000000
00000001 00101100 
11101110 

00000000 
00000000 
00000000 
00000000 

00100001 
11111100 
00101100 
00000001 01000001 00110111 
00000001 00100001 00110011 
00000001 01110001 00111001 
00000000 11000000 00000000 
00000001 01110001 00111010 
00000000 11000000 00000000 
00000000 11010000 00000000 
00000001 00000000 00110010 
00000000 00000001 00000000 
00000000 00000000 00000000 
10110111 

00000000 
00000000 
00000000 
00000000 

00000100 
11111011 
00101100 
11011101 

00000000 
00000000 
00000000 
00000000 
 